95307787	1944-03-23	1	0	1	0	1	1
67928991	1930-05-29	2	0	1	0	0	1
124623786	1948-07-30	1	0	1	0	0	0
73717666	1935-06-12	2	0	1	0	0	1
111693065	1927-05-03	2	0	1	0	0	0
120898337	1930-11-02	2	0	1	0	1	0
124116805	1933-02-14	2	0	1	0	1	0
14464261	1962-07-27	2	1	1	0	1	1
59011425	1929-06-10	1	0	1	0	1	1
155756563	1927-07-25	2	0	1	0	0	1
24692817	1940-10-11	2	0	1	0	0	0
30440111	1949-05-29	1	0	1	0	0	1
3281681	1927-07-22	2	0	1	0	0	0
11474346	1953-03-29	2	0	1	0	1	0
133798923	1934-01-24	1	0	1	0	1	0
119899350	1936-09-19	2	0	1	0	1	1
5934555	1921-12-24	1	0	1	0	1	1
57312531	1955-02-08	1	0	1	0	0	1
6941119	1934-11-09	1	0	1	0	0	0
95237592	1943-04-17	1	0	1	0	0	1
42254981	1932-05-31	2	0	1	0	0	0
13609681	1933-09-03	2	0	1	0	1	0
49618587	1960-12-30	1	1	1	0	1	0
138992426	1943-06-12	2	0	1	0	1	1
25759115	1953-03-03	2	0	1	0	1	1
65051932	1932-01-31	2	0	1	0	0	1
96220566	1949-07-21	2	0	1	0	0	0
68166882	1935-09-16	2	0	1	0	0	1
121166857	1927-08-14	2	0	1	0	0	0
34912946	1935-09-08	2	0	1	0	1	0
140240153	1957-03-18	2	1	1	0	1	0
3384119	1943-09-22	2	0	1	0	1	1
71251632	1929-07-27	1	0	1	0	1	1
13416693	1926-09-15	2	0	1	0	0	1
56288950	1960-11-14	1	1	1	0	0	0
68814955	1951-03-03	1	0	1	0	0	1
118009861	1943-08-24	1	0	1	0	0	0
32669646	1928-12-01	1	0	1	0	1	0
50564217	1941-02-02	1	0	1	0	1	0
20115235	1934-04-13	2	0	1	0	1	1
93894519	1933-10-31	2	0	1	0	1	1
94974092	1932-04-27	1	0	1	0	0	1
11441674	1931-05-04	1	0	1	0	0	0
64935280	1924-05-21	2	0	1	0	0	1
47800082	1926-01-27	2	0	1	0	0	0
61734787	1935-06-26	1	0	1	0	1	0
40226660	1934-06-30	1	0	1	0	1	0
110962668	1928-03-27	2	0	1	0	1	1
42085721	1929-03-20	2	0	1	0	1	1
152866990	1935-11-12	2	0	1	0	0	1
70446462	1936-03-01	1	0	1	0	0	0
112828369	1933-01-11	2	0	1	0	0	1
55876371	1933-05-31	2	0	1	0	0	0
90729886	1956-07-31	2	1	1	0	1	0
44687880	1958-09-10	1	1	1	0	1	0
90081298	1948-05-27	2	0	1	0	1	1
157598647	1931-12-08	2	0	1	0	1	1
25601401	1960-09-11	2	1	1	0	0	1
142982572	1924-10-11	1	0	1	0	0	0
102253611	1928-06-07	2	0	1	0	0	1
86724413	1944-09-19	1	0	1	0	0	0
6432420	1949-01-10	2	0	1	0	1	0
61772251	1947-04-12	2	0	1	0	1	0
50811680	1921-07-19	2	0	1	0	1	1
85476672	1935-03-25	2	0	1	0	1	1
45796595	1935-10-23	2	0	1	0	0	1
103695785	1950-09-01	2	0	1	0	0	0
92941551	1934-08-15	2	0	1	0	0	1
87318573	1932-07-19	2	0	1	0	0	0
103237607	1954-05-01	2	0	1	0	1	0
53364192	1927-08-15	2	0	1	0	1	0
29864912	1934-12-12	2	0	1	0	1	1
12512864	1933-08-28	1	0	1	0	1	1
33699224	1931-01-05	2	0	1	0	0	1
88802770	1929-06-04	1	0	1	0	0	0
34839382	1932-03-03	2	0	1	0	0	1
119005479	1948-11-20	1	0	1	0	0	0
83120146	1935-05-10	2	0	1	0	1	0
39232674	1944-11-24	1	0	1	0	1	0
82573843	1931-09-08	2	0	1	0	1	1
6319951	1934-05-25	2	0	1	0	1	1
65203861	1931-05-27	2	0	1	0	0	1
97396439	1946-11-18	1	0	1	0	0	0
52376619	1960-07-08	1	1	1	0	0	1
104250475	1936-05-18	2	0	1	0	0	0
5770281	1945-05-11	2	0	1	0	1	0
54441218	1936-04-29	1	0	1	0	1	0
38449821	1936-02-22	1	0	1	0	1	1
47287302	1936-06-15	1	0	1	0	1	1
12310103	1936-05-22	2	0	1	0	0	1
138158929	1934-04-01	2	0	1	0	0	0
78033979	1951-03-23	1	0	1	0	0	1
85823840	1936-09-25	1	0	1	0	0	0
154085395	1936-10-15	1	0	1	0	1	0
90660101	1936-11-10	1	0	1	0	1	0
112651477	1936-12-08	2	0	1	0	1	1
111070055	1937-01-18	2	0	1	0	1	1
121791103	1950-04-10	1	0	1	0	0	1
137725146	1937-05-26	1	0	1	0	0	0
51914577	1937-05-17	2	0	1	0	0	1
21360259	1937-03-19	1	0	1	0	0	0
24430145	1937-08-20	1	0	1	0	1	0
1049180	1937-07-31	1	0	1	0	1	0
46833508	1937-09-15	1	0	1	0	1	1
27452789	1937-09-14	2	0	1	0	1	1
59061251	1937-10-09	1	0	1	0	0	1
19584276	1937-10-14	1	0	1	0	0	0
117321265	1937-10-12	1	0	1	0	0	1
37901554	1955-02-21	1	0	1	0	0	0
68347430	1938-01-27	2	0	1	0	1	0
139419776	1938-02-15	1	0	1	0	1	0
1393478	1938-03-12	2	0	1	0	1	1
134454470	1937-12-30	2	0	1	0	1	1
123742578	1938-04-15	2	0	1	0	0	1
47740278	1934-03-15	2	0	1	0	0	0
153438281	1938-01-28	1	0	1	0	0	1
155737337	1938-07-07	2	0	1	0	0	0
142878111	1958-05-03	2	1	1	0	1	0
24331284	1938-09-29	2	0	1	0	1	0
22735950	1938-10-19	1	0	1	0	1	1
126489449	1938-12-21	2	0	1	0	1	1
99700953	1938-12-11	2	0	1	0	0	1
23105616	1938-12-12	2	0	1	0	0	0
25350865	1936-02-08	2	0	1	0	0	1
44693736	1938-03-07	1	0	1	0	0	0
136812654	1939-06-07	2	0	1	0	1	0
78440922	1939-06-13	2	0	1	0	1	0
98955296	1965-03-28	2	1	1	0	1	1
35572814	1939-09-05	1	0	1	0	1	1
16522692	1939-09-27	2	0	1	0	0	1
72625626	1939-09-16	2	0	1	0	0	0
125546735	1944-05-08	1	0	1	0	0	1
89398633	1951-04-08	2	0	1	0	0	0
93778770	1946-11-13	1	0	1	0	1	0
2693705	1977-07-26	2	1	1	0	1	0
133056390	1940-03-18	2	0	1	0	1	1
63793732	1965-06-07	2	1	1	0	1	1
12172075	1940-03-27	1	0	1	0	0	1
127661931	1940-06-22	2	0	1	0	0	0
63660486	1940-07-11	2	0	1	0	0	1
149344295	1940-08-11	2	0	1	0	0	0
116963729	1947-02-02	1	0	1	0	1	0
106037664	1946-11-09	1	0	1	0	1	0
56580804	1950-06-17	2	0	1	0	1	1
78619821	1952-07-30	2	0	1	0	1	1
26271226	1940-11-21	2	0	1	0	0	1
154748368	1940-11-11	2	0	1	0	0	0
56206014	1964-05-02	2	1	1	0	0	1
18055204	1963-06-24	2	1	1	0	0	0
120524938	1946-02-13	2	0	1	0	1	0
21349927	1940-10-10	1	0	1	0	1	0
106485684	1941-01-12	2	0	1	0	1	1
17968468	1940-06-18	2	0	1	0	1	1
107980386	1941-02-22	1	0	1	0	0	1
28216014	1941-02-15	2	0	1	0	0	0
45873271	1941-03-05	2	0	1	0	0	1
110507578	1959-03-28	1	1	1	0	0	0
90119256	1941-03-06	2	0	1	0	1	0
44681190	1941-11-28	2	0	1	0	1	0
130959998	1941-04-02	2	0	1	0	1	1
74884749	1941-02-01	2	0	1	0	1	1
114161160	1941-02-19	1	0	1	0	0	1
12445548	1941-07-01	2	0	1	0	0	0
67825591	1941-06-11	1	0	1	0	0	1
120285658	1941-05-02	2	0	1	0	0	0
144818953	1941-08-06	1	0	1	0	1	0
114368463	1941-09-30	2	0	1	0	1	0
42623061	1959-09-30	1	1	1	0	1	1
68697739	1941-10-25	2	0	1	0	1	1
37548644	1941-06-06	1	0	1	0	0	1
132132419	1941-11-20	2	0	1	0	0	0
132073638	1941-12-08	1	0	1	0	0	1
56668648	1962-10-07	2	1	1	0	0	0
159798717	1953-07-02	2	0	1	0	1	0
63518695	1974-02-22	1	1	1	0	1	0
64467002	1949-02-11	2	0	1	0	1	1
140279614	1942-02-26	1	0	1	0	1	1
5025217	1941-03-14	2	0	1	0	0	1
64615713	1941-10-09	2	0	1	0	0	0
96747971	1942-03-16	2	0	1	0	0	1
134118129	1941-05-31	1	0	1	0	0	0
87248424	1942-04-29	1	0	1	0	1	0
33158259	1942-01-01	1	0	1	0	1	0
41786442	1954-08-04	2	0	1	0	1	1
72411612	1953-02-08	1	0	1	0	1	1
116725169	1942-03-02	1	0	1	0	0	1
63876288	1941-09-26	1	0	1	0	0	0
13138233	1942-08-30	1	0	1	0	0	1
86179403	1941-11-15	1	0	1	0	0	0
126054947	1942-09-30	2	0	1	0	1	0
95821705	1942-09-24	2	0	1	0	1	0
108259827	1942-09-08	1	0	1	0	1	1
38439352	1942-10-01	2	0	1	0	1	1
76403776	1987-10-03	1	1	1	0	0	1
63828445	1942-12-13	1	0	1	0	0	0
74729845	1943-01-25	2	0	1	0	0	1
34436188	1954-07-12	1	0	1	0	0	0
87205666	1942-11-16	1	0	1	0	1	0
142751642	1942-12-16	2	0	1	0	1	0
117395932	1943-05-07	2	0	1	0	1	1
94509525	1943-07-15	2	0	1	0	1	1
26396652	1943-07-08	2	0	1	0	0	1
159127629	1943-07-29	2	0	1	0	0	0
41109153	1951-04-27	1	0	1	0	0	1
149732044	1943-07-30	2	0	1	0	0	0
135102349	1943-07-17	1	0	1	0	1	0
19683846	1943-01-11	1	0	1	0	1	0
2660169	1943-05-20	1	0	1	0	1	1
46879677	1948-05-29	1	0	1	0	1	1
46946242	1943-10-20	1	0	1	0	0	1
12749545	1948-01-29	2	0	1	0	0	0
102604079	1943-11-14	2	0	1	0	0	1
129635037	1943-11-15	2	0	1	0	0	0
153721096	1943-11-04	2	0	1	0	1	0
88064699	1943-06-27	1	0	1	0	1	0
31363658	1943-12-18	2	0	1	0	1	1
114858113	1943-12-08	2	0	1	0	1	1
147071884	1943-12-20	1	0	1	0	0	1
93696356	1943-12-08	2	0	1	0	0	0
63185798	1943-07-18	1	0	1	0	0	1
82740747	1944-10-28	2	0	1	0	0	0
86185263	1944-01-24	2	0	1	0	1	0
83120225	1944-02-08	2	0	1	0	1	0
106697826	1952-08-17	2	0	1	0	1	1
107649041	1943-11-11	2	0	1	0	1	1
36429468	1938-01-20	1	0	1	0	0	1
105763749	1952-02-23	2	0	1	0	0	0
26239010	1956-04-23	2	1	1	0	0	1
51715183	1943-03-19	1	0	1	0	0	0
132787239	1944-03-12	2	0	1	0	1	0
120159623	1965-03-18	2	1	1	0	1	0
115724871	1944-06-20	1	0	1	0	1	1
84249462	1944-05-08	2	0	1	0	1	1
117224213	1953-12-22	2	0	1	0	0	1
143116264	1944-07-03	1	0	1	0	0	0
153835504	1969-05-05	1	1	1	0	0	1
21442965	1970-09-05	2	1	1	0	0	0
115266223	1944-10-10	1	0	1	0	1	0
89113526	1944-11-04	2	0	1	0	1	0
79566054	1944-07-31	1	0	1	0	1	1
126372860	1945-01-01	2	0	1	0	1	1
97897740	1944-10-01	1	0	1	0	0	1
143180127	1970-05-09	2	1	1	0	0	0
16804922	1944-11-08	1	0	1	0	0	1
8516590	1945-01-27	2	0	1	0	0	0
25038124	1945-02-05	1	0	1	0	1	0
44428477	1944-12-30	2	0	1	0	1	0
72454885	1945-02-24	2	0	1	0	1	1
16550598	1968-09-18	2	1	1	0	1	1
48076156	1944-11-13	2	0	1	0	0	1
83661855	1945-02-12	1	0	1	0	0	0
103234212	1945-04-01	2	0	1	0	0	1
116271883	1945-04-24	2	0	1	0	0	0
80678523	1945-04-11	2	0	1	0	1	0
46577996	1944-05-07	2	0	1	0	1	0
8467219	1970-12-01	1	1	1	0	1	1
96515161	1967-12-11	2	1	1	0	1	1
127957405	1957-06-07	2	1	1	0	0	1
70961349	1950-01-18	2	0	1	0	0	0
155878124	1945-04-23	2	0	1	0	0	1
108039028	1945-06-07	2	0	1	0	0	0
135073874	1973-12-14	2	1	1	0	1	0
36605768	1958-07-02	1	1	1	0	1	0
96056377	1945-08-08	2	0	1	0	1	1
89329201	1967-09-14	2	1	1	0	1	1
138433189	1945-07-03	2	0	1	0	0	1
77126720	1945-06-07	2	0	1	0	0	0
8806534	1945-10-31	2	0	1	0	0	1
32366380	1945-10-07	2	0	1	0	0	0
49914376	1945-11-22	2	0	1	0	1	0
132826121	1945-05-13	1	0	1	0	1	0
142978063	1945-12-30	2	0	1	0	1	1
148535539	1945-10-17	2	0	1	0	1	1
2794680	1946-01-20	1	0	1	0	0	1
101455464	1946-02-17	2	0	1	0	0	0
140420611	1946-02-10	1	0	1	0	0	1
56789874	1946-03-27	1	0	1	0	0	0
146676473	1947-07-09	2	0	1	0	1	0
100409026	1946-03-06	1	0	1	0	1	0
66501409	1946-04-29	2	0	1	0	1	1
28715573	1961-11-06	1	3	1	0	1	1
120049584	1946-03-01	2	0	1	0	0	1
52952647	1946-05-11	1	0	1	0	0	0
136651753	1957-05-16	2	1	1	0	0	1
150037100	1952-04-04	1	0	1	0	0	0
78079369	1946-07-09	2	0	1	0	1	0
151046365	1945-12-31	2	0	1	0	1	0
16593332	1945-09-15	1	0	1	0	1	1
65166043	1946-08-02	1	0	1	0	1	1
83666597	1946-08-11	2	0	1	0	0	1
121567723	1942-05-27	2	0	1	0	0	0
158547028	1952-05-03	1	0	1	0	0	1
25100092	1946-10-27	1	0	1	0	0	0
109686150	1946-10-28	1	0	1	0	1	0
14884789	1946-10-10	2	0	1	0	1	0
147910279	1952-02-23	1	0	1	0	1	1
138668533	1959-03-16	2	1	1	0	1	1
96233613	1946-11-29	2	0	1	0	0	1
106077826	1946-12-04	2	0	1	0	0	0
42881110	1946-10-15	1	0	1	0	0	1
54155416	1947-01-24	2	0	1	0	0	0
116352887	1947-02-14	2	0	1	0	1	0
77557636	1947-01-22	2	0	1	0	1	0
37070215	1947-02-25	2	0	1	0	1	1
39577990	1947-03-12	2	0	1	0	1	1
139046669	1981-09-17	1	1	1	0	0	1
105349460	1947-03-28	1	0	1	0	0	0
144665824	1947-04-14	1	0	1	0	0	1
132007598	1947-04-21	2	0	1	0	0	0
115023261	1947-04-22	1	0	1	0	1	0
8757060	1947-04-13	1	0	1	0	1	0
16813732	1947-04-27	2	0	1	0	1	1
99152394	1946-06-27	2	0	1	0	1	1
44727190	1947-05-16	1	0	1	0	0	1
20010249	1947-05-08	1	0	1	0	0	0
64076666	1953-04-18	2	0	1	0	0	1
149990954	1947-06-16	1	0	1	0	0	0
76998916	1947-07-14	1	0	1	0	1	0
146803423	1961-11-20	1	1	1	0	1	0
73702384	1947-04-01	1	0	1	0	1	1
81902427	1955-12-01	2	1	1	0	1	1
51892701	1947-09-18	2	0	1	0	0	1
73394846	1953-11-04	1	0	1	0	0	0
12893673	1947-08-11	2	0	1	0	0	1
63797827	1947-04-15	1	0	1	0	0	0
124065301	1947-10-26	2	0	1	0	1	0
80398732	1947-11-02	2	0	1	0	1	0
111490330	1947-11-08	2	0	1	0	1	1
63277154	1947-09-28	1	0	1	0	1	1
142981915	1946-09-25	1	0	1	0	0	1
37835264	1947-09-25	2	0	1	0	0	0
55578959	1945-01-17	2	0	1	0	0	1
138052252	1947-11-08	2	0	1	0	0	0
55165428	1963-04-26	1	1	1	0	1	0
70782424	1948-01-26	1	0	1	0	1	0
9766144	1947-11-16	2	0	1	0	1	1
118846478	1948-02-12	1	0	1	0	1	1
128855702	1948-02-11	2	0	1	0	0	1
60633364	1949-03-25	1	0	1	0	0	0
94262335	1948-01-06	2	0	1	0	0	1
94946989	1948-03-12	2	0	1	0	0	0
70796699	1948-04-23	2	0	1	0	1	0
130807122	1948-04-12	2	0	1	0	1	0
156675639	1948-02-10	1	0	1	0	1	1
146169845	1948-05-17	1	0	1	0	1	1
134650811	1948-05-22	1	0	1	0	0	1
19617085	1948-03-22	1	0	1	0	0	0
24054062	1948-05-29	1	0	1	0	0	1
149897334	1948-01-13	1	0	1	0	0	0
21052006	1948-09-01	2	0	1	0	1	0
64388617	1951-03-07	2	0	1	0	1	0
137663694	1948-08-16	2	0	1	0	1	1
66335014	1948-08-18	2	0	1	0	1	1
125820779	1948-08-20	1	0	1	0	0	1
143393489	1948-07-03	2	0	1	0	0	0
26728679	1948-09-10	2	0	1	0	0	1
69930617	1948-11-16	2	0	1	0	0	0
94415382	1948-11-12	1	0	1	0	1	0
100103105	1948-12-14	1	0	1	0	1	0
88848646	1948-12-26	1	0	1	0	1	1
134022239	1948-12-21	1	0	1	0	1	1
79381272	1958-11-11	1	1	1	0	0	1
44987645	1993-05-25	1	1	1	0	0	0
107606307	1962-11-24	1	1	1	0	0	1
128064842	1948-12-14	1	0	1	0	0	0
62869995	1953-04-26	2	0	1	0	1	0
75284827	1949-02-23	1	0	1	0	1	0
124699078	1971-12-07	2	1	1	0	1	1
35563093	1949-03-23	1	0	1	0	1	1
132026681	1949-03-03	2	0	1	0	0	1
40259039	1949-04-09	1	0	1	0	0	0
116913539	1948-12-12	2	0	1	0	0	1
59407322	1949-04-10	2	0	1	0	0	0
79932387	1963-06-02	1	1	1	0	1	0
4749967	1948-09-07	1	0	1	0	1	0
31472516	1968-07-31	2	1	1	0	1	1
66681721	1949-03-24	2	0	1	0	1	1
60339478	1945-08-31	1	0	1	0	0	1
59130014	1969-11-09	1	1	1	0	0	0
59336556	1951-04-22	1	0	1	0	0	1
17990956	1949-06-18	1	0	1	0	0	0
36645744	1949-07-11	2	0	1	0	1	0
24318458	1948-11-10	1	0	1	0	1	0
120231767	1949-04-23	2	0	1	0	1	1
36618420	1949-08-06	2	0	1	0	1	1
128099315	1949-08-06	1	0	1	0	0	1
74033549	1949-08-24	1	0	1	0	0	0
124829992	1945-07-01	1	0	1	0	0	1
13614560	1948-04-24	1	0	1	0	0	0
39356013	1949-10-03	1	0	1	0	1	0
121534467	1953-03-04	2	0	1	0	1	0
132234756	1949-11-19	2	0	1	0	1	1
147864714	1949-12-17	1	0	1	0	1	1
146305163	1949-12-20	2	0	1	0	0	1
41988802	1950-01-14	1	0	1	0	0	0
72097639	1949-09-28	1	0	1	0	0	1
154470707	1961-08-26	1	1	1	0	0	0
54085938	1948-08-21	2	0	1	0	1	0
132178472	1950-03-23	2	0	1	0	1	0
54614158	1949-11-05	2	0	1	0	1	1
121423438	1950-02-03	1	0	1	0	1	1
22166117	1951-02-28	1	0	1	0	0	1
27150466	1934-03-22	2	0	1	0	0	0
20317005	1960-12-27	2	1	1	0	0	1
52839862	1950-05-04	2	0	1	0	0	0
49298351	1950-05-08	2	0	1	0	1	0
52717375	1950-05-24	2	0	1	0	1	0
49758960	1950-05-20	2	0	1	0	1	1
99941490	1950-04-06	1	0	1	0	1	1
48063232	1950-08-11	1	0	1	0	0	1
26073814	1950-03-17	2	0	1	0	0	0
125018982	1950-08-14	2	0	1	0	0	1
41131629	1943-10-23	1	0	1	0	0	0
114318350	1950-09-30	2	0	1	0	1	0
151427397	1950-11-05	2	0	1	0	1	0
7312277	1950-11-13	2	0	1	0	1	1
89237693	1950-12-05	2	0	1	0	1	1
157935578	1950-12-04	2	0	1	0	0	1
62274067	1950-06-22	1	0	1	0	0	0
52830658	1951-01-28	2	0	1	0	0	1
2180921	1951-01-21	1	0	1	0	0	0
77694204	1950-10-31	2	0	1	0	1	0
75098169	1980-03-25	2	1	1	0	1	0
116255637	1961-03-31	1	1	1	0	1	1
114553785	1958-03-30	2	1	1	0	1	1
58372251	1950-01-07	1	0	1	0	0	1
101291445	1951-01-05	1	0	1	0	0	0
152542839	1956-11-03	2	1	1	0	0	1
11014436	1951-03-03	1	0	1	0	0	0
7820243	1951-03-26	2	0	1	0	1	0
28387058	1951-01-29	1	0	1	0	1	0
71832942	1951-05-01	1	0	1	0	1	1
78743127	1951-04-17	1	0	1	0	1	1
61896236	1951-05-25	1	0	1	0	0	1
128707425	1951-05-10	1	0	1	0	0	0
143260230	1956-04-10	2	1	1	0	0	1
158141657	1951-06-24	2	0	1	0	0	0
155601933	1951-04-27	1	0	1	0	1	0
99671986	1951-02-20	2	0	1	0	1	0
85206453	1951-03-15	2	0	1	0	1	1
113173605	1951-07-18	2	0	1	0	1	1
57924308	1956-03-22	1	1	1	0	0	1
64931571	1951-08-12	2	0	1	0	0	0
19389961	1959-11-25	2	1	1	0	0	1
23171538	1951-09-06	2	0	1	0	0	0
103811567	1951-09-18	2	0	1	0	1	0
121289377	1951-09-05	2	0	1	0	1	0
13361934	1949-10-05	1	0	1	0	1	1
153049505	1951-09-16	2	0	1	0	1	1
92890739	1951-10-29	2	0	1	0	0	1
128536806	1951-10-20	2	0	1	0	0	0
119501404	1951-11-11	1	0	1	0	0	1
69201322	1951-09-22	1	0	1	0	0	0
118129586	1958-07-12	1	1	1	0	1	0
52445146	1951-10-25	1	0	1	0	1	0
91708958	1952-01-15	2	0	1	0	1	1
64819102	1952-01-30	1	0	1	0	1	1
35979810	1952-02-29	2	0	1	0	0	1
106702949	1953-09-19	1	0	1	0	0	0
68893333	1952-04-23	1	0	1	0	0	1
96020209	1951-10-01	1	0	1	0	0	0
140555223	1952-06-29	1	0	1	0	1	0
42370379	1952-06-30	2	0	1	0	1	0
4538476	1996-12-16	2	1	1	0	1	1
67819331	1996-11-18	2	1	1	0	1	1
65473491	1951-02-11	2	0	1	0	0	1
107058579	1952-04-24	1	0	1	0	0	0
63979144	1952-04-29	2	0	1	0	0	1
88545030	1975-06-28	2	1	1	0	0	0
97072789	1953-09-10	2	0	1	0	1	0
44329858	1952-09-05	1	0	1	0	1	0
24000939	1952-03-10	2	0	1	0	1	1
33218472	1952-08-22	2	0	1	0	1	1
107462147	1952-08-18	2	0	1	0	0	1
44039925	1952-01-08	1	0	1	0	0	0
83855201	1952-10-09	2	0	1	0	0	1
112957810	1952-07-25	2	0	1	0	0	0
53379342	1952-09-15	2	0	1	0	1	0
124581945	1949-10-24	1	0	1	0	1	0
146802771	1952-09-11	2	0	1	0	1	1
74481367	1952-12-13	1	0	1	0	1	1
83125163	1952-11-12	2	0	1	0	0	1
73339160	1953-01-27	1	0	1	0	0	0
148270349	1953-01-22	1	0	1	0	0	1
28054609	1952-12-07	1	0	1	0	0	0
52391307	1953-02-18	2	0	1	0	1	0
55537007	1953-03-09	2	0	1	0	1	0
92547741	1963-06-22	2	1	1	0	1	1
42499159	1953-01-25	2	0	1	0	1	1
19804968	1953-04-16	2	0	1	0	0	1
59767514	1959-04-14	2	1	1	0	0	0
106185394	1953-07-06	2	0	1	0	0	1
114281391	1953-07-11	2	0	1	0	0	0
19505904	1953-08-11	2	0	1	0	1	0
31405988	1957-10-23	2	1	1	0	1	0
40752647	1953-10-14	2	0	1	0	1	1
150788750	1953-10-15	1	0	1	0	1	1
87823398	1966-09-24	2	1	1	0	0	1
77246378	1953-09-26	2	0	1	0	0	0
20266147	1966-10-07	2	1	1	0	0	1